à
0001000
0010100
0010100
0111110
0100010
1000001
1000001
á
1111111
1000000
1000000
1111111
1000001
1000001
1111111
â
1111111
1000001
1000001
1111110
1000001
1000001
1111111
ã
1111111
1000000
1000000
1000000
1000000
1000000
1000000
ä
0111110
0100010
0100010
0100010
0111110
1000001
1000001
å
1111111
1000000
1000000
1111111
1000000
1000000
1111111
¸
0100010
0000000
1111111
1000000
1111111
1000000
1111111
æ
1001001
0101010
0011100
0001000
0011100
0101010
1001001
ç
1111111
0000001
0000001
1111110
0000001
0000001
1111111
è
1000001
1000011
1000101
1001001
1010001
1100001
1000001
é
1011101
1000011
1000101
1001001
1010001
1100001
1000001
ê
1000001
1000110
1011000
1100000
1011000
1000110
1000001
ë
0001000
0010100
0100010
0100010
1000001
1000001
1000001
ì
1000001
1100011
1010101
1001001
1000001
1000001
1000001
í
1000001
1000001
1000001
1111111
1000001
1000001
1000001
î
0001000
0010100
0100010
1100011
0100010
0010100
0001000
ï
1111111
1000001
1000001
1000001
1000001
1000001
1000001
ð
1111111
1000001
1000001
1111111
1000000
1000000
1000000
ñ
1111111
1000000
1000000
1000000
1000000
1000000
1111111
ò
1111111
0001000
0001000
0001000
0001000
0001000
0001000
ó
1000001
0100010
0010100
0001000
0010000
0100000
1000000
ô
1111111
1001001
1001001
1111111
0001000
0001000
0001000
õ
1000001
0100010
0010100
0001000
0010100
0100010
1000001
ö
1000010
1000010
1000010
1000010
1000010
1111111
0000001
÷
1000001
1000001
1000001
1111111
0000001
0000001
0000001
ø
1001001
1001001
1001001
1001001
1001001
1001001
1111111
ù
1001001
1001001
1001001
1001001
1001001
1111111
0000001
ú
1100000
0100000
0100000
0111111
0100001
0100001
0111111
û
1000001
1000001
1000001
1111001
1001001
1001001
1111001
ü
1000000
1000000
1000000
1111111
1000001
1000001
1111111
ý
0011110
0100001
1000001
0001110
1000001
0100001
0011110
þ
1011111
1010001
1010001
1110001
1010001
1010001
1011111
ÿ
1111111
1000001
1000001
1111111
0000111
0011001
1100001

